{
    "_id": {
        "$oid": "5cdb6ab9d07cb795bb10a1bc"
    },
    "job_start": {
        "$date": "2019-05-14T21:26:16.300Z"
    },
    "job_end": {
        "$date": "2019-05-14T21:26:17.563Z"
    },
    "asset_data": [{
        "ticker": "GOOGL",
        "price_data": [1167.6400146484375, 1189.550048828125, 1277.4200439453125, 1241.469970703125, 1222.72998046875, 1211.449951171875, 1176.8900146484375, 1207.6500244140625, 1190.300048828125, 1149.969970703125, 1148.52001953125, 1116.56005859375, 1119.6300048828125, 1102.3800048828125, 1118.6199951171875, 1101.510009765625, 1107.300048828125, 1064.469970703125, 1078.0699462890625, 1046.6800537109375, 991.25, 1051.7099609375, 1046.5799560546875, 1109.6500244140625, 1030.0999755859375, 1068.27001953125, 1077.02001953125, 1071.489990234375, 1083.75, 1105.1800537109375, 1120.5400390625, 1167.8299560546875, 1207.0799560546875, 1172.1199951171875, 1177.97998046875, 1177.5899658203125, 1231.800048828125, 1236.75, 1215.8499755859375, 1252.510009765625, 1238.1600341796875, 1252.8900146484375, 1197.8800048828125, 1204.4200439453125, 1155.0799560546875, 1129.18994140625, 1169.2900390625, 1159.27001953125, 1132.7099609375, 1135.0, 1084.0799560546875, 1069.6400146484375, 1103.3800048828125, 1051.0, 1031.449951171875, 1077.3199462890625, 1036.0400390625, 1009.9500122070312, 1037.1400146484375, 1026.550048828125, 1134.4200439453125, 1160.8399658203125, 1084.1400146484375, 1128.0899658203125, 1095.5, 1046.27001953125, 1119.199951171875, 1187.56005859375, 1143.5, 1130.6500244140625, 1110.2900390625, 1053.4000244140625, 1068.8599853515625, 1072.0, 1049.3800048828125, 1025.0699462890625, 1056.52001953125, 1035.8900146484375, 1044.1500244140625, 1049.989990234375, 1033.6700439453125, 1005.0700073242188, 1007.8699951171875, 993.6400146484375, 973.719970703125, 943.260009765625, 935.2899780273438, 941.4099731445312, 951.989990234375, 930.5, 926.1799926757812, 930.0900268554688, 945.7899780273438, 958.3300170898438, 993.8400268554688, 976.9099731445312, 940.8099975585938, 929.6799926757812, 986.0900268554688, 958.6199951171875, 970.1199951171875, 996.1199951171875, 993.27001953125, 954.6500244140625, 955.1400146484375],
        "returns": [-0.01859049512927802, -0.07126732783400672, 0.028546315469053923, 0.015210090001443858, 0.009268098791006209, 0.028942570552294416, -0.025800964234652925, 0.014470925434743858, 0.03446958761123433, 0.0012616555828987312, 0.028221591323981183, -0.0027456952500207977, 0.015526794638400697, -0.014624295065806052, 0.015413803758704332, -0.005242689204488177, 0.03944766863190347, -0.012695360435582205, 0.029549054282222584, 0.05441180737302355, -0.059205879804774125, 0.004889710485178383, -0.05851700900167279, 0.07438881108135093, -0.036384674652186505, -0.008157450379468759, 0.005147792175762095, -0.011377055049883308, -0.019581017117867888, -0.013802480600566531, -0.0413365414067618, -0.03305689530800217, 0.02939011271969343, -0.004987019750165964, 0.00033114249281015996, -0.04500660582698315, -0.004010417215222509, 0.017043570533580875, -0.029706145181690624, 0.011523111546197156, -0.011826460218683442, 0.04489956263875918, -0.005444827945561065, 0.04182859215395783, 0.022669057958344074, -0.034896250768610276, 0.008606246886924589, 0.02317755635981753, -0.0020196937707207792, 0.04590099043800994, 0.013409503536463899, -0.031056043365346328, 0.04863610842942424, 0.01877655997723919, -0.04351089390288662, 0.03907063498624915, 0.025504954070181968, -0.026566102316506465, 0.010263226018634462, -0.09991783278198509, -0.02302230570012674, 0.06835679206278325, -0.039738847347122255, 0.029315026774969014, 0.04597940285695435, -0.06738262354500087, -0.05928673056421789, 0.03780709682494968, 0.011301024300888597, 0.018171432534837162, 0.0525982264013808, -0.014569595000809867, -0.0029334164042081534, 0.021326544416330948, 0.023438667688157673, -0.03021965626774028, 0.019719532077069377, -0.007942205947613327, -0.005577450331466871, 0.01566501228879582, 0.02805842061104179, -0.002781990119368443, 0.014219484455492579, 0.020251224866405446, 0.03178178710910753, 0.00848535265072326, -0.006522104727116122, -0.011175797415470076, 0.022832444194092368, 0.004653483785077535, -0.00421279223535522, -0.016739149329386617, -0.013171670267394827, -0.03638405079798021, 0.01718175334877985, 0.03765329783399647, 0.011900770708165113, -0.058907222525422784, 0.028252910387876133, -0.01192502497886313, -0.02644795720029974, 0.002865177280101029, 0.039657743339702796, -0.0005131351982200887],
        "std_dev": 0.03158927503447032,
        "avg_return": 0.0019315573780250407
    }, {
        "ticker": "AAPL",
        "price_data": [197.17999267578125, 211.75, 204.3000030517578, 203.86000061035156, 198.8699951171875, 197.0, 189.9499969482422, 191.0500030517578, 186.1199951171875, 172.91000366210938, 174.97000122070312, 172.97000122070312, 170.4199981689453, 170.41000366210938, 166.52000427246094, 157.75999450683594, 156.82000732421875, 152.2899932861328, 148.25999450683594, 156.22999572753906, 150.72999572753906, 165.47999572753906, 168.49000549316406, 178.5800018310547, 172.2899932861328, 193.52999877929688, 204.47000122070312, 207.47999572753906, 216.3000030517578, 219.30999755859375, 222.11000061035156, 224.2899932861328, 225.74000549316406, 217.66000366210938, 223.83999633789062, 221.3000030517578, 227.6300048828125, 216.16000366210938, 217.5800018310547, 207.52999877929688, 207.99000549316406, 190.97999572753906, 191.44000244140625, 191.3300018310547, 187.97000122070312, 185.11000061035156, 184.9199981689453, 188.83999633789062, 191.6999969482422, 190.24000549316406, 188.5800018310547, 186.30999755859375, 188.58999633789062, 183.8300018310547, 162.32000732421875, 165.72000122070312, 174.72999572753906, 168.3800048828125, 167.77999877929688, 164.94000244140625, 178.02000427246094, 179.97999572753906, 176.2100067138672, 175.5, 172.42999267578125, 156.41000366210938, 160.5, 171.50999450683594, 178.4600067138672, 177.08999633789062, 175.0, 169.22999572753906, 175.00999450683594, 173.97000122070312, 169.3699951171875, 171.0500030517578, 174.97000122070312, 170.14999389648438, 174.6699981689453, 172.5, 163.0500030517578, 156.25, 156.99000549316406, 155.3000030517578, 154.1199951171875, 151.88999938964844, 159.8800048828125, 158.6300048828125, 164.0500030517578, 159.86000061035156, 157.5, 157.47999572753906, 156.38999938964844, 149.5, 150.27000427246094, 149.0399932861328, 144.17999267578125, 144.02000427246094, 146.27999877929688, 142.27000427246094, 148.97999572753906, 155.4499969482422, 153.61000061035156, 153.05999755859375, 156.10000610351562],
        "returns": [-0.0712893535301051, 0.035816816770957535, 0.0021560300269653967, 0.024782166365616965, 0.009447591630635402, 0.036442865170465126, -0.005774326298993602, 0.026143589124823986, 0.07362035164571486, -0.011843288537192609, 0.011496361520027653, 0.014852208457698308, 5.8648046152629785e-05, 0.023091871625173798, 0.05404059194954562, 0.00597615852717648, 0.029312143729865032, 0.02681910159984217, -0.05236180089887193, 0.03583912459925015, -0.09336018729730562, -0.018026117677991955, -0.058160256889876034, 0.035857625766579235, -0.11625346832878958, -0.05498873852035248, -0.014613657465994176, -0.04163141817688441, -0.01381989581927215, -0.01268651451118944, -0.009767070052478947, -0.006444091410644304, 0.0364496897686876, -0.0279972654639593, 0.011412233709639183, -0.0282022643628084, 0.05170263405640234, -0.0065477162549341305, 0.04729070575697067, -0.002214126381708098, 0.08532133988241244, -0.0024057682021629066, 0.0005747608859209724, 0.017717313344408188, 0.015332135853811078, 0.0010269570506810286, -0.02097678706727877, -0.015031557846723961, 0.007645172314765082, 0.008764132070159284, 0.012110389818966014, -0.012163387177646678, 0.025563899650541767, 0.12444168681571212, -0.020729883935603884, -0.05294227632389968, 0.03701854199087335, 0.003569768765754269, 0.0170718039355376, -0.07631414132368489, -0.010949782336592405, 0.02116920618512144, 0.004037460776228613, 0.017647728370357166, 0.09751052643588892, -0.025813154470396133, -0.06634759934567491, -0.03972298217739107, 0.00770646685179755, 0.011872083317824949, 0.0335272627499948, -0.03358437258683092, 0.005960206187146334, 0.026797235499438618, -0.009870287191168477, -0.02265860836823712, 0.027934172557638515, -0.026218103881831732, 0.012501232485949495, 0.056340315519387264, 0.042599632335516294, -0.004724855426249491, 0.010823394237392816, 0.007627261729298695, 0.014574917444520216, -0.051266993752057136, 0.007849087182100822, -0.033596800808213194, 0.0258728419938072, 0.01487297775022327, 0.00012701932033249883, 0.006945555399984001, 0.04505649071463009, -0.005137311638789067, 0.008219023223616341, 0.033152213068613906, 0.0011102596908322867, -0.015570376449736505, 0.027795894242476384, -0.04608534937631827, -0.042512076802952034, 0.011907190138559537, 0.0035869413033120657, -0.019666881190295152],
        "std_dev": 0.0368782838887329,
        "avg_return": 0.0022463472440445833
    }, {
        "ticker": "BAC",
        "price_data": [29.579999923706055, 30.709999084472656, 30.350000381469727, 30.030000686645508, 30.170000076293945, 29.079999923706055, 27.59000015258789, 27.010000228881836, 29.299999237060547, 28.649999618530273, 29.309999465942383, 29.079999923706055, 29.110000610351562, 28.290000915527344, 28.3799991607666, 29.579999923706055, 29.299999237060547, 26.030000686645508, 25.579999923706055, 24.389999389648438, 23.3700008392334, 24.479999542236328, 25.43000030517578, 28.399999618530273, 26.969999313354492, 27.75, 28.520000457763672, 27.889999389648438, 26.389999389648438, 28.31999969482422, 28.459999084472656, 30.229999542236328, 29.459999084472656, 31.030000686645508, 30.3700008392334, 30.860000610351562, 30.93000030517578, 30.889999389648438, 30.739999771118164, 31.190000534057617, 31.510000228881836, 31.059999465942383, 30.1299991607666, 28.549999237060547, 28.030000686645508, 28.190000534057617, 28.989999771118164, 29.280000686645508, 30.010000228881836, 29.399999618530273, 30.15999984741211, 30.260000228881836, 30.920000076293945, 29.299999237060547, 30.149999618530273, 30.260000228881836, 29.799999237060547, 29.6299991607666, 29.989999771118164, 29.170000076293945, 32.16999816894531, 32.720001220703125, 31.6299991607666, 32.029998779296875, 31.969999313354492, 30.329999923706055, 31.950000762939453, 32.20000076293945, 31.719999313354492, 31.190000534057617, 30.329999923706055, 29.520000457763672, 29.8799991607666, 29.040000915527344, 29.049999237060547, 28.100000381469727, 26.59000015258789, 26.6200008392334, 26.510000228881836, 27.81999969482422, 27.799999237060547, 27.170000076293945, 25.829999923706055, 26.209999084472656, 25.34000015258789, 25.020000457763672, 24.3799991607666, 22.889999389648438, 24.09000015258789, 23.770000457763672, 23.6200008392334, 23.860000610351562, 24.969999313354492, 24.030000686645508, 23.799999237060547, 24.209999084472656, 24.829999923706055, 24.260000228881836, 22.81999969482422, 23.43000030517578, 23.670000076293945, 22.450000762939453, 23.239999771118164, 23.049999237060547, 24.0],
        "returns": [-0.03748984993729092, 0.011791774566177613, 0.010599625213969368, -0.004651150839214439, 0.036797405658040884, 0.05259725628198505, 0.021246217481254572, -0.08138031370564136, 0.022434060138208256, -0.02277530665587338, 0.007878086460066743, -0.001031128682876532, 0.028573361048906776, -0.0031762244848992393, -0.041413812542813365, 0.009510964719280706, 0.11833774459865311, 0.017438952217344608, 0.04763760596496998, 0.04272000274168382, -0.046403254483148304, -0.03807315249001998, -0.11045954030047883, 0.05166402004309285, -0.028510728500408776, -0.027369771404271184, 0.0223374318415612, 0.05528305236805894, -0.07058313066244358, -0.0049313024432520005, -0.06033523315588156, 0.025801413691151142, -0.05192112063120883, 0.02149919389744026, -0.016005560021806142, -0.002265729850542792, 0.0012941093920197906, 0.004867756506901197, -0.014532817077714403, -0.010207415290536152, 0.014384162506812105, 0.030399475237692875, 0.05386441590936656, 0.018381519705592, -0.005691934397448556, -0.02798361096741203, -0.009953777505753764, -0.024625954535009684, 0.020536005709652805, -0.02552187671100002, -0.0033101778435759145, -0.021576510262632815, 0.05381573620255177, -0.028597420536666706, -0.0036418054032522637, 0.015318348014687722, 0.005721034647663016, -0.012076651867278873, 0.02772319863385572, -0.0978934978377281, -0.01695226470924661, 0.033880538257370675, -0.01256691472509508, 0.0018749839158804075, 0.052660622408913976, -0.05203488551768431, -0.0077942715414215285, 0.015019101124571312, 0.016849827377131713, 0.027960228557402735, 0.027069303945857257, -0.01212131693865133, 0.02851511069480386, -0.0003442355519253015, 0.03324886711980884, 0.05523437892166253, -0.0011276334999161133, 0.004140815558662316, -0.048233146590916, 0.0007191822729167363, 0.02292256700644789, 0.05057682209222383, -0.01460437825080091, 0.033756801490240344, 0.012708657579939567, 0.025912433704577128, 0.0630629823301735, -0.05109671566093153, 0.013372522330711071, 0.006330454330302779, -0.01010959595046244, -0.04547163454255794, 0.03837199846997402, 0.009617529701739635, -0.01708018451273549, -0.02528686331353896, 0.02322368349698363, 0.06119158188968209, -0.026379934483947907, -0.010191161204420826, 0.05291777857692362, -0.03458427396289165, 0.008209185791763074, -0.04038809400461412],
        "std_dev": 0.03633615381450874,
        "avg_return": 0.0020100444649564166
    }, {
        "ticker": "JPM",
        "price_data": [112.51000213623047, 116.12000274658203, 114.47000122070312, 113.45999908447266, 111.20999908447266, 105.30999755859375, 101.2300033569336, 99.76000213623047, 106.55000305175781, 103.01000213623047, 104.43000030517578, 105.0, 105.55000305175781, 101.36000061035156, 103.87999725341797, 103.38999938964844, 104.58999633789062, 99.91000366210938, 100.69000244140625, 96.83000183105469, 94.16999816894531, 100.29000091552734, 103.29000091552734, 111.19000244140625, 106.6500015258789, 109.98999786376953, 111.29000091552734, 108.37999725341797, 103.41999816894531, 107.91000366210938, 106.94999694824219, 114.62000274658203, 112.83999633789062, 117.8499984741211, 113.5, 114.31999969482422, 114.58000183105469, 114.68000030517578, 114.7699966430664, 115.7300033569336, 117.08999633789062, 116.02999877929688, 111.27999877929688, 106.36000061035156, 104.05999755859375, 104.19999694824219, 105.75, 107.9000015258789, 111.11000061035156, 108.4000015258789, 110.66000366210938, 111.12999725341797, 113.86000061035156, 108.43000030517578, 109.4000015258789, 111.47000122070312, 110.30000305175781, 109.08999633789062, 109.97000122070312, 107.01000213623047, 115.44000244140625, 118.04000091552734, 113.31999969482422, 117.30999755859375, 114.68000030517578, 110.04000091552734, 114.27999877929688, 116.31999969482422, 113.01000213623047, 112.66999816894531, 108.33999633789062, 106.94000244140625, 107.44999694824219, 106.13999938964844, 105.93000030517578, 104.79000091552734, 98.31999969482422, 98.13999938964844, 97.51000213623047, 101.41000366210938, 101.7699966430664, 99.51000213623047, 95.86000061035156, 96.91999816894531, 95.51000213623047, 94.83000183105469, 91.62000274658203, 88.41999816894531, 91.69999694824219, 91.88999938964844, 90.73999786376953, 91.41999816894531, 93.66000366210938, 91.27999877929688, 90.88999938964844, 92.25, 93.8499984741211, 91.4000015258789, 86.86000061035156, 86.18000030517578, 86.95999908447266, 82.63999938964844, 85.36000061035156, 84.77999877929688, 86.91999816894531],
        "returns": [-0.031582037239383645, 0.014311372215050085, 0.008862446765084506, 0.0200300462309258, 0.0545119393888687, 0.03951316943735267, 0.014627865986631608, -0.06584706440070363, 0.033788295552491826, -0.013690901780067127, -0.005443356743766277, -0.005224453049717375, 0.04050626117273549, -0.024557818320091962, 0.004728120659386087, -0.011539670057011842, 0.04577809235321394, -0.007776696775274103, 0.03908963164084988, 0.02785524245560181, -0.06296435815108538, -0.029474576653284342, -0.07369989679002319, 0.04168801244751466, -0.030836973922272765, -0.011749982064852655, 0.02649587041601558, 0.04684519553277892, -0.042499231049301804, 0.00893617331836304, -0.06926092609211423, 0.015651479406298588, -0.043441762754709116, 0.03760977951304658, -0.007198694030667351, -0.0022717540088853863, -0.0008723587152661908, -0.0007844527670748566, -0.00832982442323278, -0.011682917718027139, 0.009094070745739037, 0.041799231193338976, 0.04521996453216989, 0.021861939712730608, -0.001344467631130529, -0.014765717894624268, -0.02012706847930401, -0.02931582068344501, 0.02469260400721681, -0.020634367481387084, -0.004238191919211647, -0.02426896640096194, 0.048864822584893594, -0.008906097636999184, -0.018744603416903028, 0.01055155342523703, 0.011030757887202427, -0.008034416383122417, 0.027285304421356935, -0.0758286276125033, -0.02227262221649776, 0.04080788556154426, -0.03460431043677901, 0.022674339029774122, 0.04130169929995218, -0.03780762230456165, -0.017693444480735194, 0.028868681886540282, 0.0030131533504902234, 0.03918877949684463, 0.01300644407747804, -0.004757642336596495, 0.012266623037553968, 0.0019804701599860962, 0.01082014526569224, 0.06373089406975592, 0.0018324377113113064, 0.006440065687728094, -0.039216782980983515, -0.003543590482526882, 0.02245716912378093, 0.03736936299596651, -0.010997076957291633, 0.014654900642681584, 0.0071451422087610355, 0.03443621576787823, 0.03555145074707643, -0.03642417829312309, -0.002069856887978693, 0.012593952177102042, -0.007466002181066033, -0.02420698998087122, 0.025739550674782733, 0.004281714765246761, -0.01485230550523501, -0.017195463853182092, 0.026452251619196895, 0.050947861021103144, 0.007859498404682738, -0.009010096555974767, 0.050954414859094965, -0.03238379671810523, 0.006817962617809629, -0.024928482796240943],
        "std_dev": 0.029996606789117922,
        "avg_return": 0.0024812883773822625
    }, {
        "ticker": "XOM",
        "price_data": [76.55999755859375, 77.47000122070312, 80.48999786376953, 81.12999725341797, 80.91999816894531, 82.48999786376953, 80.80000305175781, 80.4800033569336, 80.1500015258789, 79.01000213623047, 80.0, 78.41999816894531, 77.70999908447266, 73.9800033569336, 75.91999816894531, 71.72000122070312, 72.98999786376953, 71.72000122070312, 71.1500015258789, 68.16999816894531, 68.12000274658203, 75.58000183105469, 77.63999938964844, 79.5, 75.48999786376953, 78.95999908447266, 80.87000274658203, 81.94999694824219, 77.52999877929688, 81.97000122070312, 81.37999725341797, 85.33999633789062, 85.0199966430664, 85.16999816894531, 82.91999816894531, 81.83000183105469, 80.16999816894531, 79.62000274658203, 78.26000213623047, 79.41999816894531, 80.19999694824219, 81.91999816894531, 81.4000015258789, 83.30999755859375, 82.33000183105469, 82.7300033569336, 81.37999725341797, 80.66000366210938, 83.5999984741211, 81.83000183105469, 78.70999908447266, 81.30000305175781, 81.27999877929688, 76.9000015258789, 77.79000091552734, 79.0, 77.83999633789062, 74.87000274658203, 74.61000061035156, 72.88999938964844, 75.12000274658203, 74.55999755859375, 75.55000305175781, 77.52999877929688, 76.54000091552734, 75.77999877929688, 84.52999877929688, 89.0, 87.1500015258789, 87.5199966430664, 86.75, 83.63999938964844, 83.97000122070312, 83.02999877929688, 82.66000366210938, 83.45999908447266, 81.41999816894531, 80.23999786376953, 82.94000244140625, 83.18000030517578, 83.70999908447266, 83.11000061035156, 82.41000366210938, 81.70999908447266, 81.9800033569336, 79.91999816894531, 80.06999969482422, 78.81999969482422, 76.56999969482422, 76.72000122070312, 76.63999938964844, 78.20999908447266, 80.20999908447266, 79.5999984741211, 80.12000274658203, 81.27999877929688, 80.22000122070312, 80.7300033569336, 81.61000061035156, 83.48999786376953, 82.12999725341797, 79.5, 81.55000305175781, 81.93000030517578, 82.55000305175781],
        "returns": [-0.011816065145016633, -0.03824214616440211, -0.007919845987565934, 0.0025917828813042222, -0.019216058304215872, 0.02070004467946941, 0.003968255233499011, 0.004108849969477541, 0.014325444321241056, -0.0124521809017705, 0.01994766115902932, 0.009095036075033973, 0.049189105659280155, -0.025885298402921527, 0.05691046442612711, -0.017552750438767677, 0.01755275043876767, 0.00797931977552745, 0.04278578746723591, 0.0007336624003225166, -0.10392082603380544, -0.026891028291454563, -0.023674271220779714, 0.051756852806944524, -0.044941214677059915, -0.02390157754025716, -0.013266306879913712, 0.05544432546461809, -0.055688399071056736, 0.0072238327335540425, -0.04751372602440433, 0.003756751401264028, -0.0017627542075698524, 0.026772972168772367, 0.0132323185697795, 0.020494589700404686, 0.00688400514690818, 0.017228707989455014, -0.014713558568922876, -0.009773274172854665, -0.021219662118830564, 0.006367847185520026, -0.023193268927801484, 0.011832977130971558, -0.004846750228305742, 0.01645282495561417, 0.008886673976433496, -0.035800666991492425, 0.021399554922900445, 0.03887374639290869, -0.03237585356805416, 0.0002460852790822516, 0.05539407245770191, -0.01150700363392242, -0.015434952479122504, 0.014792461635899165, 0.038902077903848815, 0.0034787582632910203, 0.02332310764345929, -0.030135424442076873, 0.007482733829447758, -0.013190591479477484, -0.0258702133733242, 0.012851450526974817, 0.009979102477038105, -0.10927209701783089, -0.051529883232367416, 0.02100558025745945, -0.004236510842801702, 0.00883688149051354, 0.036508551563900205, -0.0039377394697753705, 0.011257633160857098, 0.004466120185118202, -0.009631610806883894, 0.024746543607923575, 0.01459880355516089, -0.033095367223378976, -0.002889453729578801, -0.006351495751445873, 0.007193394826236159, 0.008458205695862057, 0.008530451020950722, -0.0032989738323701634, 0.025449244595189546, -0.0018751368439770377, 0.015734480378128947, 0.028961416755598178, -0.001957095346875642, 0.0010433207876010021, -0.020278379208778428, -0.025250679057197314, 0.007634110283699247, -0.006511471397466851, -0.014374423733207487, 0.013127093252829203, -0.00633741943030621, -0.010841515970878195, -0.022775027659212573, 0.016423514309030943, 0.0325463026499289, -0.025459344828658872, -0.0046488613896138965, -0.007538979456176026],
        "std_dev": 0.027503085680814568,
        "avg_return": -0.0007243220392195534
    }, {
        "ticker": "BP",
        "price_data": [41.5, 43.08000183105469, 43.310001373291016, 44.38999938964844, 44.66999816894531, 44.529998779296875, 43.720001220703125, 43.95000076293945, 43.869998931884766, 42.25, 42.58000183105469, 42.459999084472656, 42.290000915527344, 42.4900016784668, 41.34000015258789, 40.11000061035156, 40.7599983215332, 40.2400016784668, 40.029998779296875, 38.130001068115234, 37.66999816894531, 38.65999984741211, 39.5099983215332, 40.349998474121094, 39.88999938964844, 40.84000015258789, 41.2400016784668, 41.599998474121094, 41.099998474121094, 44.0, 44.54999923706055, 46.5, 46.099998474121094, 44.66999816894531, 43.2599983215332, 42.029998779296875, 42.880001068115234, 43.41999816894531, 41.90999984741211, 42.9900016784668, 43.970001220703125, 44.5099983215332, 44.540000915527344, 45.369998931884766, 45.939998626708984, 45.65999984741211, 45.779998779296875, 45.130001068115234, 47.040000915527344, 45.91999816894531, 44.349998474121094, 47.380001068115234, 45.83000183105469, 45.34000015258789, 44.220001220703125, 43.5, 42.959999084472656, 41.7599983215332, 40.540000915527344, 39.119998931884766, 39.47999954223633, 39.65999984741211, 38.70000076293945, 40.099998474121094, 39.619998931884766, 39.11000061035156, 41.15999984741211, 43.810001373291016, 42.400001525878906, 43.90999984741211, 43.099998474121094, 42.029998779296875, 41.290000915527344, 40.279998779296875, 39.63999938964844, 39.95000076293945, 40.04999923706055, 39.09000015258789, 40.29999923706055, 40.560001373291016, 39.099998474121094, 38.75, 39.099998474121094, 38.2599983215332, 38.43000030517578, 37.81999969482422, 36.58000183105469, 35.31999969482422, 34.77000045776367, 34.540000915527344, 34.15999984741211, 34.939998626708984, 36.33000183105469, 35.15999984741211, 34.68000030517578, 34.95000076293945, 34.36000061035156, 34.650001525878906, 34.84000015258789, 36.0, 35.83000183105469, 35.90999984741211, 36.40999984741211, 36.939998626708984, 35.38999938964844],
        "returns": [-0.03736546755512503, -0.0053246921431621234, -0.02463061816125045, -0.006287889277133634, 0.0031390024527634445, 0.018357400691291582, -0.005246950261176354, 0.0018219506596043927, 0.037626337027658024, -0.007780348664843061, 0.0028222677550298362, 0.00401176157980883, -0.004718120496163175, 0.027438235684681244, 0.030204862945765583, -0.016075472176355465, 0.012839599672374942, 0.005232424993109747, 0.04862774062783919, 0.012137428785756707, -0.02594149673708699, -0.021748292107957347, -0.021037594958652026, 0.011465706283426445, -0.023536346416252442, -0.009746702816028045, -0.008691430738706303, 0.012092046211254724, -0.0681815495420804, -0.012422502873092246, -0.04284017580195712, 0.008639395690033858, 0.03151082252995287, 0.03207371264792183, 0.02884476175199191, -0.020021921698539755, -0.012514580607428234, 0.03539566398324492, -0.025443111255247508, -0.022540041403519246, -0.012206234362981436, -0.0006738370665115787, -0.01846338774915545, -0.012485097234259808, 0.006113529607987338, -0.002624650100048789, 0.014300050353438945, -0.04145108554668165, 0.02409761091668667, 0.034788037786224885, -0.0660875469240268, 0.03326128280000613, 0.010749290029424326, 0.025012445410270902, 0.016416264939888084, 0.012491509205187249, 0.028330525508239147, 0.02964973977404942, 0.03565534574410549, -0.009160385107399149, -0.004548916273793499, 0.02450349949431611, -0.035536676510746094, 0.01204228194926649, 0.012955809937967584, -0.05108870288521435, -0.06239522591366596, 0.03271373494670457, -0.03499368287299004, 0.018619119392132857, 0.025139341733068442, 0.017763257902310477, 0.024765324526178616, 0.016016343480499223, -0.007789997245219734, -0.002499963155052265, 0.024261970756328428, -0.03048476631277172, -0.006430943120049823, 0.0366599651749036, 0.008991672166927386, -0.008991672166927329, 0.021717507824193075, -0.004433492375744242, 0.016000357356687114, 0.03333636214225934, 0.03505232592343978, 0.01569440791020025, 0.006636859960423315, 0.011062734771314232, -0.02257690094813432, -0.039011631232088936, 0.032734828156572374, 0.013745907765057321, -0.007755329797169986, 0.01702537562978645, -0.008404654793332907, -0.005468386691156839, -0.03275278209213262, 0.004733356035294397, -0.0022302215680004827, -0.013827654007702387, -0.014451479598315631, 0.042865660483903535],
        "std_dev": 0.024890290481894315,
        "avg_return": 0.0015313860589011815
    }, {
        "ticker": "AA",
        "price_data": [25.040000915527344, 26.68000030517578, 26.90999984741211, 26.65999984741211, 28.290000915527344, 29.549999237060547, 28.15999984741211, 28.1200008392334, 27.84000015258789, 26.81999969482422, 29.65999984741211, 30.170000076293945, 28.270000457763672, 27.649999618530273, 28.600000381469727, 29.020000457763672, 29.270000457763672, 28.549999237060547, 28.34000015258789, 26.600000381469727, 26.389999389648438, 28.610000610351562, 28.81999969482422, 31.809999465942383, 32.310001373291016, 35.95000076293945, 34.36000061035156, 36.93000030517578, 34.25, 38.599998474121094, 35.66999816894531, 42.060001373291016, 40.400001525878906, 43.790000915527344, 42.790000915527344, 41.0, 44.66999816894531, 43.439998626708984, 42.029998779296875, 44.97999954223633, 42.720001220703125, 43.220001220703125, 40.31999969482422, 47.2599983215332, 47.13999938964844, 46.880001068115234, 45.560001373291016, 45.34000015258789, 48.52000045776367, 47.63999938964844, 47.93000030517578, 50.83000183105469, 53.959999084472656, 54.38999938964844, 51.599998474121094, 60.0099983215332, 54.959999084472656, 48.04999923706055, 44.959999084472656, 44.709999084472656, 47.22999954223633, 47.86000061035156, 45.540000915527344, 46.70000076293945, 47.36000061035156, 45.91999816894531, 49.09000015258789, 54.0, 53.099998474121094, 56.7599983215332, 54.09000015258789, 53.869998931884766, 49.9900016784668, 42.61000061035156, 41.400001525878906, 41.63999938964844, 42.209999084472656, 43.400001525878906, 43.0099983215332, 47.119998931884766, 47.90999984741211, 47.93000030517578, 47.709999084472656, 47.4900016784668, 46.619998931884766, 45.380001068115234, 44.650001525878906, 42.61000061035156, 45.040000915527344, 41.209999084472656, 37.7599983215332, 37.779998779296875, 37.41999816894531, 35.63999938964844, 36.619998931884766, 36.31999969482422, 34.189998626708984, 32.650001525878906, 31.09000015258789, 30.0, 33.0099983215332, 32.86000061035156, 33.27000045776367, 32.290000915527344, 31.790000915527344],
        "returns": [-0.06343964969130482, -0.00858372658271458, 0.00933365004142432, -0.05934410864861446, -0.043575300357812624, 0.048181192162275274, 0.0014214290840583216, 0.01000725584007332, 0.03732597447223783, -0.10065146509034997, -0.017048724134553505, 0.06504686780171245, 0.02217547372608859, -0.033781016991938896, -0.01457853206620801, -0.00857785311302371, 0.02490620696404493, 0.00738266973237346, 0.06336300951810199, 0.00792610274152602, -0.08077120100842877, -0.007313251586825036, -0.09871110898971923, -0.015596133367929248, -0.10675228304929672, 0.04523599050980587, -0.07213112224861218, 0.07533767241986554, -0.11956567223200845, 0.07894228890262836, -0.16478725488769994, 0.040267380188930904, -0.08057567898414732, 0.023101049895980802, 0.04273238512024231, -0.08573002766901607, 0.027921450361157615, 0.03299702403875592, -0.06783431638071012, 0.05155071312767013, -0.011636156096230072, 0.06945576312841102, -0.15881662004890146, 0.0025423516828219, 0.005530716507563953, 0.028560999331332288, 0.004840520276655291, -0.06778644506558769, 0.018303361835031468, -0.006068887863300392, -0.05874514794326661, -0.059756246890856304, -0.007937287840331679, 0.05265865929688875, -0.15098954411541612, 0.08790555577560896, 0.13436351171775807, 0.06646893431598623, 0.0055760154534087785, -0.05483210444692916, -0.013250821017277415, 0.04968901449368078, -0.025153100272485032, -0.014033822451356167, 0.03087729132681502, -0.06675463904186466, -0.0953286953859839, 0.016807147052331016, -0.06665492320860139, 0.04818249401620923, 0.0040756118395383735, 0.0747506978632676, 0.1597340371655701, 0.028808064147713204, -0.005780311400703113, -0.013595909015636665, -0.027802338160272496, 0.00902686849425043, -0.09126490890474238, -0.016626731034794007, -0.0004173718285093473, 0.004600619200061067, 0.0046218024339793745, 0.018489587208097492, 0.026958107807684657, 0.016217161392104346, 0.04676535966076753, -0.05546202232245884, 0.08887008102383788, 0.08743062630820309, -0.0005295329361564108, 0.009574557849105752, 0.04873668643628421, -0.027125924601682776, 0.008225964748150745, 0.06043538184591918, 0.04608826102789459, 0.048958673478258205, 0.035688847316448155, -0.09561311335572306, 0.004554363834454534, -0.012399972606013785, 0.02989849066597616, 0.015605809401526075],
        "std_dev": 0.05913091864820982,
        "avg_return": -0.0022949732781485104
    }, {
        "ticker": "X",
        "price_data": [15.65999984741211, 16.8799991607666, 15.670000076293945, 16.420000076293945, 16.739999771118164, 19.84000015258789, 19.489999771118164, 19.09000015258789, 19.65999984741211, 19.25, 22.299999237060547, 24.100000381469727, 22.920000076293945, 21.950000762939453, 22.040000915527344, 21.639999389648438, 21.5, 21.040000915527344, 20.34000015258789, 18.25, 18.190000534057617, 20.020000457763672, 21.309999465942383, 23.059999465942383, 25.719999313354492, 27.719999313354492, 27.690000534057617, 27.969999313354492, 25.75, 27.59000015258789, 28.6200008392334, 29.399999618530273, 30.479999542236328, 29.1299991607666, 28.899999618530273, 29.059999465942383, 29.68000030517578, 30.950000762939453, 30.06999969482422, 29.969999313354492, 32.29999923706055, 37.0, 37.130001068115234, 36.209999084472656, 35.34000015258789, 34.75, 36.90999984741211, 36.04999923706055, 37.15999984741211, 37.689998626708984, 35.38999938964844, 36.459999084472656, 35.7599983215332, 34.52000045776367, 32.369998931884766, 36.650001525878906, 35.5099983215332, 34.4900016784668, 35.189998626708984, 33.939998626708984, 39.959999084472656, 43.689998626708984, 45.38999938964844, 43.52000045776367, 44.75, 34.2400016784668, 34.58000183105469, 40.95000076293945, 38.77000045776367, 39.13999938964844, 38.4900016784668, 35.189998626708984, 35.11000061035156, 31.850000381469727, 33.22999954223633, 29.299999237060547, 29.209999084472656, 27.280000686645508, 27.459999084472656, 27.040000915527344, 27.079999923706055, 28.43000030517578, 27.360000610351562, 26.049999237060547, 25.65999984741211, 23.829999923706055, 25.09000015258789, 26.959999084472656, 26.989999771118164, 24.940000534057617, 23.700000762939453, 23.15999984741211, 23.549999237060547, 22.979999542236328, 23.68000030517578, 23.209999084472656, 21.450000762939453, 22.139999389648438, 22.25, 20.15999984741211, 21.81999969482422, 20.260000228881836, 19.739999771118164, 19.59000015258789, 20.040000915527344],
        "returns": [-0.0750197586313333, 0.07438137821347156, -0.04675204743396586, -0.01930094271789346, -0.16989905815906955, 0.017798607771731548, 0.020736856045181076, -0.029421461226947377, 0.021075046223889927, -0.14707558351974773, -0.07762521207168754, 0.05020196114998363, 0.043242720896003686, -0.004091851544824597, 0.018315600050571413, 0.006490490639877671, 0.021627503750452033, 0.03383603326088844, 0.10842431809377617, 0.003293058138513189, -0.09585977486240516, -0.062444624296771264, -0.07892307063226861, -0.10916938099103769, -0.07488527687847067, 0.001082793081049151, -0.010061126194619846, 0.08269785555476618, -0.06901876665000008, -0.036652409691878385, -0.02688885791785131, -0.03607605443047713, 0.04530217363854415, 0.00792696024266622, -0.00552105784563785, -0.021110788817002787, -0.041899595199931604, 0.028845036929721863, 0.003331128434115258, -0.07487034819071724, -0.13585070603603036, -0.0035073843116702683, 0.02508999846217131, 0.024319827284462563, 0.01683589919845978, -0.06030294089705315, 0.02357567034026545, -0.030326067271808567, -0.014161861003163675, 0.0629654937316308, -0.029786467029127, 0.019385840771736187, 0.03529102389226942, 0.06430684453497186, -0.1241814350253834, 0.031599170278907976, 0.029144824073489537, -0.02009243669439136, 0.03616769296469386, -0.16328471152549465, -0.08924028066146966, -0.038172591490817816, 0.04207118995539152, -0.02787083165471047, 0.2676968444266818, -0.009880932912223807, -0.1690762957236719, 0.05470506544007852, -0.009498182883868915, 0.01674643547034789, 0.08963659859506354, 0.00227590474413571, 0.09744861356907773, -0.042415674595644534, 0.12586557860675623, 0.0030764049274251545, 0.06835722691115582, -0.006576508853874953, 0.015413081966403336, -0.0014781601936977365, -0.04864949117047513, 0.03836282133467491, 0.049064376150648126, 0.015084385670909538, 0.07398806533190466, -0.05152407855089432, -0.07188488562542367, -0.0011121664642910565, 0.07899345688407963, 0.0509978813329647, 0.023048434216252293, -0.016699141949475645, 0.024501535565327234, -0.030006570402776333, 0.020047642062333965, 0.07885849989866342, -0.03166121877037097, -0.004956108899580031, 0.09864157297792521, -0.0791265307845428, 0.0741784563011018, 0.026001487707254085, 0.007627782664991086, -0.022711082156140414],
        "std_dev": 0.06587120036541852,
        "avg_return": -0.0023713523181038633
    }],
    "matrices": {
        "n": 104,
        "avg_returns_vec": [0.0019315573780250407, 0.0022463472440445833, 0.0020100444649564166, 0.0024812883773822625, -0.0007243220392195534, 0.0015313860589011815, -0.0022949732781485104, -0.0023713523181038633],
        "std_dev_vec": [0.03158927503447032, 0.0368782838887329, 0.03633615381450874, 0.029996606789117922, 0.027503085680814568, 0.024890290481894315, 0.05913091864820982, 0.06587120036541852],
        "x_transpose_x_matrix": [
            [0.10377975890915465, 0.057514320146818, 0.046434688346965416, 0.042627973991072564, 0.045617758527692065, 0.030533829957307843, 0.07367023937724863, 0.07953324833405803],
            [0.057514320146818, 0.1414408135481095, 0.03293250968669325, 0.030015331297929736, 0.028358398560618683, 0.026684986067587152, 0.06213643295706231, 0.08791114227389642],
            [0.046434688346965416, 0.03293250968669325, 0.1373128716992903, 0.10340882967235779, 0.04720775104509904, 0.02957564169613284, 0.08670164811112394, 0.07487249401738261],
            [0.042627973991072564, 0.030015331297929736, 0.10340882967235779, 0.0935788275615393, 0.04545316593669643, 0.026961848551499756, 0.07980889083884185, 0.06025309376787094],
            [0.045617758527692065, 0.028358398560618683, 0.04720775104509904, 0.04545316593669643, 0.07866765108448767, 0.04558738522643072, 0.07545393464594287, 0.0659005718436931],
            [0.030533829957307843, 0.026684986067587152, 0.02957564169613284, 0.026961848551499756, 0.04558738522643072, 0.0644307622684002, 0.07116147908157056, 0.0546286535286019],
            [0.07367023937724863, 0.06213643295706231, 0.08670164811112394, 0.07980889083884185, 0.07545393464594287, 0.07116147908157056, 0.3636324161788457, 0.17287371393104545],
            [0.07953324833405803, 0.08791114227389642, 0.07487249401738261, 0.06025309376787094, 0.0659005718436931, 0.0546286535286019, 0.17287371393104545, 0.4512575639084359]
        ],
        "variance_covariance_matrix": [
            [0.0009978822972034102, 0.0005530223091040193, 0.0004464873879515905, 0.00040988436529877464, 0.00043863229353550065, 0.0002935945188202677, 0.0007083676863196984, 0.0007647427724428656],
            [0.0005530223091040193, 0.0013600078225779759, 0.0003166587469874351, 0.00028860895478778593, 0.0002726769092367181, 0.0002565864044960303, 0.0005974657015102145, 0.0008452994449413118],
            [0.0004464873879515905, 0.0003166587469874351, 0.0013203160740316374, 0.0009943156699265172, 0.0004539206831259523, 0.00028438117015512344, 0.0008336696933761917, 0.0007199278270902174],
            [0.00040988436529877464, 0.00028860895478778593, 0.0009943156699265172, 0.0008997964188609548, 0.0004370496724682349, 0.0002592485437644207, 0.0007673931811427101, 0.0005793566708449129],
            [0.00043863229353550065, 0.0002726769092367181, 0.0004539206831259523, 0.0004370496724682349, 0.0007564197219662276, 0.00043834024256183385, 0.0007255186023648353, 0.0006336593446508952],
            [0.0002935945188202677, 0.0002565864044960303, 0.00028438117015512344, 0.0002592485437644207, 0.00043834024256183385, 0.0006195265602730788, 0.0006842449911689477, 0.0005252755146980952],
            [0.0007083676863196984, 0.0005974657015102145, 0.0008336696933761917, 0.0007673931811427101, 0.0007255186023648353, 0.0006842449911689477, 0.0034964655401812086, 0.0016622472493369755],
            [0.0007647427724428656, 0.0008452994449413118, 0.0007199278270902174, 0.0005793566708449129, 0.0006336593446508952, 0.0005252755146980952, 0.0016622472493369755, 0.004339015037581114]
        ],
        "std_dev_matrix": [
            [0.00099788229720341, 0.0011649582525604593, 0.0011478327565413345, 0.0009475710619623058, 0.0008688025378678539, 0.0007862662317204183, 0.00186790285221919, 0.0020808234651939076],
            [0.0011649582525604593, 0.0013600078225779763, 0.0013400149957961181, 0.0011062233808677834, 0.0010142666015532243, 0.0009179111984643249, 0.002180646804510252, 0.0024292168271675104],
            [0.0011478327565413345, 0.0013400149957961181, 0.0013203160740316382, 0.001089961318202726, 0.000999356351671691, 0.0009044174234379147, 0.0021485901551945553, 0.002393506068424172],
            [0.0009475710619623058, 0.0011062233808677834, 0.001089961318202726, 0.0008997964188609555, 0.0008249992466548142, 0.0007466242564523083, 0.0017737269157696702, 0.00197591249608866],
